        16         2         1         0
-1.89000000E+00-6.30000000E-01-6.30000000E-01-1.89000000E+00 6.30000000E-01 6.30000000E-01 1.89000000E+00 1.89000000E+00
-6.30000000E-01-1.89000000E+00 6.30000000E-01 1.89000000E+00-6.30000000E-01-1.89000000E+00 6.30000000E-01 1.89000000E+00
-1.89000000E+00-1.89000000E+00-6.30000000E-01-6.30000000E-01-1.89000000E+00-6.30000000E-01-1.89000000E+00-6.30000000E-01
 6.30000000E-01 6.30000000E-01 6.30000000E-01 6.30000000E-01 1.89000000E+00 1.89000000E+00 1.89000000E+00 1.89000000E+00
         9        12         4         0         1         1
QUADRILATERAL   R_01_01         
         1         2         3         4         2         5         6         3         5         7         8         6
         4         3         9        10         3         6        11         9         6         8        12        11
        10         9        13        14         9        11        15        13        11        12        16        15
REFLECTIVE      REFLECTIVE      REFLECTIVE      REFLECTIVE      REFLECTIVE      REFLECTIVE      REFLECTIVE      
REFLECTIVE      REFLECTIVE      REFLECTIVE      REFLECTIVE      REFLECTIVE      
         1         1         1         4         2         1         3         1         3         2         4         4
         6         2         7         3         7         4         8         3         9         2         9         3
